%YAML:1.0
homography: !!opencv-matrix
   rows: 3
   cols: 3
   dt: d
   data: [ 1.0016764744901423e+00, 4.5058657482675612e-03, 9.5012830707576256e+02, -2.5281635968130881e-02, 9.9386863521256297e-01, 2.0769489569224351e+01, 4.7621601783693852e-06, -7.9584985596713715e-06, 1.0000000000000000e+00 ]
