%YAML:1.0
---
homography: !!opencv-matrix
   rows: 3
   cols: 3
   dt: d
   data: [ 1.0016462029936142e+00, 1.6449106696780541e-02, 9.5650503216281618e+02, -2.5937457713920201e-02, 1.0053967509055837e+00, 7.1183372588298983e+00, 4.2642971960124255e-06, 3.8701886562185797e-07, 1.0000000000000000e+00 ]
